1	AMD FX-8320	1199	2	1	36	99
2	AMD A8 5600K	710	2	1	36	99
3	CORE I3-3250	1088	1	1	36	99
4	CORE I7-4820K	2599	1	1	36	99
5	GA-H87N-WIFI	999	3	2	12	99
6	G1.SNIPER 5	3299	3	2	12	99
7	MSI Z87-G43	1050	4	2	12	99
8	NM70I-1037U	579	5	2	12	99
9	H61-BF UATX	420	1	2	12	99
10	Z87 XPOWER	3899	4	2	12	99
11	8GB DDR3	530	6	3	60	99
12	16GB DDR3	1760	7	3	60	99
13	SV35 2TB	730	8	4	60	99
14	SSHD 1TB	720	8	4	60	99
15	256GB NEUTRON	1650	7	4	60	99
16	CX-430M 430W	399	7	5	60	99
17	HCG 520W	539	9	5	60	99
18	NEO ECO 450C-BR	439	9	5	60	99
19	GTX650TI	1299	3	6	36	99
20	HD7770 1GB	850	3	6	36	99
21	N760 HAWK	2199	4	6	36	99
22	R7770-PMD	899	4	6	36	99
23	Sound Blaster Play	195	10	7	12	99
24	Sound Blaster XZ	1250	10	7	12	99
25	AC1200 DB	1070	11	8	12	99
26	N600 Router	488	11	8	12	99
27	HP 2000 2D18TU	3109	12	9	18	99
28	ENVY 17 J002TX	10898	12	9	18	99
29	Probook 440	6880	12	9	18	99
30	G580G i5 3230	4499	13	9	18	99
31	Flex 15 Core I5	7980	13	9	18	99
32	G710A i7 4702	6509	13	9	18	99
