1	1	1	13/09/2016
2	2	2	02/08/2016
3	3	3	07/11/2016
4	4	4	08/11/2016
5	5	1	20/09/2016
6	6	2	04/10/2016
7	7	3	01/08/2016
8	8	4	07/10/2016
9	11	1	21/10/2016
10	12	2	04/08/2016
11	11	3	12/11/2016
12	12	4	09/10/2016
13	13	1	03/11/2016
14	14	2	10/09/2016
15	15	3	28/11/2016
16	13	4	21/11/2016
17	16	1	21/10/2016
18	17	2	16/08/2016
19	18	3	11/09/2016
20	16	4	30/09/2016
21	19	1	24/11/2016
22	20	2	17/10/2016
23	21	3	13/09/2016
24	22	4	03/09/2016
25	23	1	02/10/2016
26	24	2	15/08/2016
27	23	3	15/10/2016
28	24	4	26/11/2016
29	25	1	30/10/2016
30	26	2	15/11/2016
31	25	3	01/10/2016
32	26	4	21/09/2016
33	27	1	08/10/2016
34	28	2	18/08/2016
35	29	3	20/10/2016
36	30	4	02/10/2016
