1	1	1	19/11/2016
2	2	2	21/10/2016
3	3	3	15/11/2016
4	4	4	17/11/2016
5	5	1	19/09/2016
6	6	2	26/10/2016
7	7	3	30/09/2016
8	8	4	23/10/2016
9	11	1	07/09/2016
10	12	2	01/10/2016
11	11	3	24/11/2016
12	12	4	24/09/2016
13	13	1	21/11/2016
14	14	2	23/11/2016
15	15	3	31/10/2016
16	13	4	25/11/2016
17	16	1	04/11/2016
18	17	2	25/11/2016
19	18	3	18/11/2016
20	16	4	28/11/2016
21	19	1	04/11/2016
22	20	2	28/09/2016
23	21	3	15/10/2016
24	22	4	31/10/2016
25	23	1	19/11/2016
26	24	2	29/10/2016
27	23	3	28/09/2016
28	24	4	04/10/2016
29	25	1	12/10/2016
30	26	2	08/10/2016
31	25	3	11/11/2016
32	26	4	03/10/2016
33	27	1	17/09/2016
34	28	2	08/10/2016
35	29	3	14/10/2016
36	30	4	18/11/2016
37	3	5	21/10/2016
38	7	5	04/10/2016
39	11	5	22/10/2016
40	15	5	27/11/2016
41	18	5	27/09/2016
42	21	5	21/10/2016
43	23	5	26/09/2016
44	25	5	24/09/2016
45	29	5	20/10/2016
46	1	6	29/10/2016
47	5	6	18/09/2016
48	11	6	14/09/2016
49	13	6	28/10/2016
50	16	6	03/09/2016
51	19	6	04/11/2016
52	23	6	03/09/2016
53	25	6	09/09/2016
54	27	6	27/11/2016
55	27	6	09/09/2016
56	3	7	23/11/2016
57	7	7	24/09/2016
58	11	7	03/09/2016
59	15	7	05/09/2016
60	18	7	07/11/2016
61	21	7	30/11/2016
62	23	7	09/10/2016
63	25	7	18/10/2016
64	29	7	05/10/2016
